0.088604860007762908935547
-0.266583293676376342773438
-0.102347843348979949951172
-0.158816948533058166503906
-0.074894584715366363525391
0.030903719365596771240234
-0.179306998848915100097656
-0.203617557883262634277344
-0.003799017984420061111450
0.070570178329944610595703
-0.037598293274641036987305
-0.040782075375318527221680
-0.283638149499893188476562
0.031254384666681289672852
0.134383991360664367675781
-0.054627615958452224731445
-0.145928710699081420898438
-0.061983715742826461791992
-0.143822789192199707031250
-0.096389308571815490722656
0.021906085312366485595703
-0.271419584751129150390625
-0.261548221111297607421875
-0.214684292674064636230469
-0.125487074255943298339844
-0.135731771588325500488281
-0.317884951829910278320312
0.092964462935924530029297
0.095197372138500213623047
-0.037886612117290496826172
0.273336380720138549804688
-0.126739040017127990722656
0.089705795049667358398438
-0.037874203175306320190430
-0.055243279784917831420898
-0.170391798019409179687500
0.103944331407546997070312
0.205561965703964233398438
-0.086296334862709045410156
-0.067182905972003936767578
-0.062262352555990219116211
-0.098779931664466857910156
-0.066557399928569793701172
-0.211033433675765991210938
0.084735460579395294189453
-0.259759545326232910156250
0.097067564725875854492188
0.119325593113899230957031
-0.265704423189163208007812
0.172798082232475280761719
-0.076268121600151062011719
-0.133591398596763610839844
0.022177282720804214477539
-0.323927462100982666015625
-0.179385766386985778808594
-0.136795222759246826171875
-0.089150257408618927001953
-0.151424705982208251953125
-0.198291510343551635742188
0.003110034391283988952637
0.038822624832391738891602
0.034806691110134124755859
0.006907172501087188720703
-0.055566683411598205566406
