-0.215467765927314758300781
0.041320320218801498413086
-0.095358535647392272949219
-0.143394157290458679199219
0.006215939298272132873535
-0.353736609220504760742188
0.002994626760482788085938
-0.109290696680545806884766
0.014254773966968059539795
0.047619350254535675048828
-0.026535591110587120056152
0.080900162458419799804688
-0.053540263324975967407227
-0.082594163715839385986328
-0.261406660079956054687500
-0.051079280674457550048828
-0.142816826701164245605469
-0.021783180534839630126953
0.146853610873222351074219
-0.146384984254837036132812
0.019671451300382614135742
-0.068012349307537078857422
-0.453908592462539672851562
-0.006785992067307233810425
0.088211625814437866210938
0.061426565051078796386719
0.080695971846580505371094
-0.060956031084060668945312
-0.201042026281356811523438
-0.235032498836517333984375
-0.099268853664398193359375
-0.178185939788818359375000
