-0.178239211440086364746094 -0.005864202976226806640625 0.196443766355514526367188 -0.174444839358329772949219 -0.294871777296066284179688 -0.396818757057189941406250 -0.040099263191223144531250 0.327103316783905029296875 0.199562430381774902343750
0.101660802960395812988281 0.580234050750732421875000 -0.016677547246217727661133 0.304364323616027832031250 -0.370353549718856811523438 0.079876132309436798095703 -0.332107305526733398437500 -0.117517486214637756347656 -0.268561989068984985351562
-0.089822679758071899414062 -0.015286355279386043548584 0.045094914734363555908203 -0.073949873447418212890625 -0.569225013256072998046875 0.158396825194358825683594 -0.058715365827083587646484 -0.240703284740447998046875 -0.028531121090054512023926
0.219296470284461975097656 -0.184982582926750183105469 0.367158293724060058593750 -0.278652548789978027343750 -0.019894257187843322753906 -0.237126573920249938964844 -0.450471818447113037109375 -0.319582909345626831054688 -0.356778323650360107421875
0.228615388274192810058594 -0.340385198593139648437500 0.089957885444164276123047 0.118314467370510101318359 -0.437361270189285278320312 -0.417726218700408935546875 0.221572875976562500000000 -0.077451959252357482910156 -0.102222852408885955810547
-0.023598879575729370117188 -0.423316061496734619140625 -0.294221222400665283203125 0.263375759124755859375000 0.490266382694244384765625 0.178185150027275085449219 -0.101827405393123626708984 0.376242518424987792968750 -0.291650652885437011718750
0.231065958738327026367188 0.119966514408588409423828 -0.081693023443222045898438 0.437401473522186279296875 0.306521326303482055664062 -0.332313358783721923828125 -0.081674993038177490234375 -0.146137520670890808105469 0.080960489809513092041016
-0.094789676368236541748047 -0.468706488609313964843750 -0.253938376903533935546875 -0.171777188777923583984375 -0.483533978462219238281250 -0.124902956187725067138672 -0.231428056955337524414062 0.548102378845214843750000 -0.070434935390949249267578
0.314199715852737426757812 0.072800964117050170898438 0.274332195520401000976562 0.450998395681381225585938 -0.220691278576850891113281 -0.117352083325386047363281 -0.641859054565429687500000 -0.004528928082436323165894 0.102216571569442749023438
0.173375248908996582031250 0.084807857871055603027344 0.045362617820501327514648 -0.055060029029846191406250 0.358120292425155639648438 -0.088906154036521911621094 0.074642442166805267333984 -0.103390440344810485839844 -0.640006124973297119140625
0.227103009819984436035156 0.096870094537734985351562 -0.341703504323959350585938 -0.560531973838806152343750 0.099754154682159423828125 -0.174125999212265014648438 0.079530380666255950927734 0.368934035301208496093750 0.421129822731018066406250
-0.462869912385940551757812 -0.120314255356788635253906 -0.087088234722614288330078 -0.539664506912231445312500 0.082574278116226196289062 -0.427061975002288818359375 -0.380715966224670410156250 0.017224285751581192016602 -0.137972012162208557128906
0.099733844399452209472656 0.242459237575531005859375 0.235352039337158203125000 -0.453151255846023559570312 -0.266986936330795288085938 0.366744697093963623046875 -0.588422536849975585937500 -0.051664803177118301391602 0.063826747238636016845703
0.305842757225036621093750 0.031522292643785476684570 -0.215623915195465087890625 -0.177129670977592468261719 0.130695596337318420410156 -0.246575176715850830078125 0.247175395488739013671875 -0.019107172265648841857910 0.278099834918975830078125
0.006073665339499711990356 0.030987003818154335021973 -0.633062601089477539062500 -0.422906398773193359375000 0.154523327946662902832031 -0.422898828983306884765625 0.251601666212081909179688 -0.197281897068023681640625 -0.044516380876302719116211
-0.074838392436504364013672 0.414166361093521118164062 0.011304656974971294403076 -0.244546636939048767089844 0.019881810992956161499023 -0.074597008526325225830078 0.620647370815277099609375 0.206414148211479187011719 -0.288090020418167114257812
0.260123640298843383789062 0.076641738414764404296875 -0.550368666648864746093750 0.041105024516582489013672 -0.019316684454679489135742 0.080920062959194183349609 0.670142114162445068359375 0.080027997493743896484375 0.122899278998374938964844
0.121621713042259216308594 -0.114005453884601593017578 -0.292516887187957763671875 -0.282394081354141235351562 -0.136441439390182495117188 0.496017694473266601562500 0.073837384581565856933594 -0.361470639705657958984375 -0.357009470462799072265625
0.023986561223864555358887 0.259683936834335327148438 -0.130934551358222961425781 -0.002032003365457057952881 0.315572291612625122070312 -0.411289334297180175781250 -0.387306541204452514648438 0.288677752017974853515625 -0.424755096435546875000000
0.118099860846996307373047 0.188588812947273254394531 0.158344745635986328125000 -0.057713270187377929687500 -0.175113037228584289550781 -0.103126786649227142333984 -0.339228481054306030273438 -0.271882712841033935546875 0.764831483364105224609375
-0.112304694950580596923828 0.498539656400680541992188 -0.090490460395812988281250 -0.355294674634933471679688 0.242897421121597290039062 0.230180621147155761718750 0.107371211051940917968750 0.391578853130340576171875 0.453855812549591064453125
0.455363094806671142578125 0.109712682664394378662109 0.138443082571029663085938 -0.444001913070678710937500 -0.140904232859611511230469 -0.302158087491989135742188 -0.013213478960096836090088 0.045530218631029129028320 -0.279495149850845336914062
0.042896840721368789672852 0.362839043140411376953125 -0.793394923210144042968750 -0.247623234987258911132812 0.007157756946980953216553 -0.214216858148574829101562 -0.434582799673080444335938 0.333238720893859863281250 -0.209096267819404602050781
-0.306716293096542358398438 -0.381998717784881591796875 -0.032864220440387725830078 0.522788941860198974609375 0.194607600569725036621094 0.328937411308288574218750 0.044218000024557113647461 0.320532053709030151367188 -0.117953374981880187988281
0.296162992715835571289062 0.406408607959747314453125 0.168366402387619018554688 0.229855209589004516601562 -0.331137180328369140625000 -0.152984738349914550781250 -0.143812999129295349121094 0.527855038642883300781250 0.192391887307167053222656
-0.174501299858093261718750 -0.205436259508132934570312 -0.356534123420715332031250 0.341479301452636718750000 -0.061814881861209869384766 0.047544214874505996704102 -0.295686393976211547851562 -0.543083310127258300781250 -0.526335060596466064453125
-0.167415022850036621093750 0.361976921558380126953125 -0.212777674198150634765625 0.113663703203201293945312 -0.051209237426519393920898 0.114396184682846069335938 -0.346617102622985839843750 0.355423659086227416992188 -0.346944332122802734375000
0.168484374880790710449219 -0.137013852596282958984375 -0.073903575539588928222656 0.399142950773239135742188 0.204505726695060729980469 0.209607645869255065917969 -0.195345729589462280273438 -0.132616281509399414062500 0.497809827327728271484375
-0.413612157106399536132812 0.114048987627029418945312 0.131781384348869323730469 0.177064731717109680175781 0.816377758979797363281250 0.209140971302986145019531 -0.137622416019439697265625 0.100905939936637878417969 -0.162629276514053344726562
0.179734423756599426269531 -0.467945724725723266601562 0.394689321517944335937500 -0.266547590494155883789062 0.079939894378185272216797 -0.274913758039474487304688 -0.125783473253250122070312 -0.243900835514068603515625 0.291286319494247436523438
0.132963567972183227539062 -0.326274842023849487304688 0.032014537602663040161133 0.025547171011567115783691 0.143110021948814392089844 0.125426530838012695312500 -0.447968125343322753906250 -0.355083584785461425781250 -0.299726843833923339843750
-0.515375733375549316406250 -0.211305901408195495605469 -0.375850319862365722656250 -0.196578174829483032226562 -0.003259790828451514244080 -0.174075260758399963378906 0.196573510766029357910156 0.071587145328521728515625 0.231139495968818664550781
0.272485464811325073242188 0.370842874050140380859375 0.007010902278125286102295 -0.043220072984695434570312 0.030387232080101966857910 0.362018942832946777343750 0.299848318099975585937500 0.351232767105102539062500 0.185491308569908142089844
0.256983071565628051757812 -0.254626214504241943359375 -0.001428838586434721946716 0.069161452353000640869141 -0.061815697699785232543945 0.592799603939056396484375 -0.560850739479064941406250 -0.379616230726242065429688 0.007206010166555643081665
0.278619021177291870117188 0.167571082711219787597656 -0.004936517681926488876343 -0.050945378839969635009766 -0.597672224044799804687500 0.104992024600505828857422 0.035903230309486389160156 -0.500478684902191162109375 -0.090645715594291687011719
-0.327814549207687377929688 -0.532940506935119628906250 0.150508284568786621093750 0.194865301251411437988281 -0.146695300936698913574219 0.114042319357395172119141 0.319311171770095825195312 0.264767259359359741210938 0.408248424530029296875000
0.038589015603065490722656 -0.442209184169769287109375 -0.340700477361679077148438 -0.197477459907531738281250 -0.093311645090579986572266 -0.467691570520401000976562 -0.367009103298187255859375 -0.577980518341064453125000 -0.211761251091957092285156
0.140114426612854003906250 0.058793261647224426269531 0.079386316239833831787109 0.162754476070404052734375 0.233352646231651306152344 0.034482028335332870483398 0.380753338336944580078125 -0.332599103450775146484375 -0.337738484144210815429688
-0.318232387304306030273438 -0.433658182621002197265625 -0.117407046258449554443359 -0.341323137283325195312500 0.235802561044692993164062 -0.201401218771934509277344 0.214400291442871093750000 -0.334985435009002685546875 -0.004519658628851175308228
-0.470467954874038696289062 0.184202834963798522949219 -0.028118345886468887329102 -0.068379588425159454345703 0.199269205331802368164062 0.230945244431495666503906 0.071575537323951721191406 -0.178509458899497985839844 0.405954211950302124023438
0.365328639745712280273438 -0.107329204678535461425781 0.394958913326263427734375 0.137197688221931457519531 -0.056774783879518508911133 -0.495349079370498657226562 0.279142588376998901367188 -0.221952885389328002929688 0.165736868977546691894531
-0.156321078538894653320312 -0.266750067472457885742188 0.289822161197662353515625 -0.007587714586406946182251 -0.329388082027435302734375 0.122833646833896636962891 -0.273951888084411621093750 0.510764479637145996093750 0.183357015252113342285156
0.535664200782775878906250 -0.349074214696884155273438 -0.194287538528442382812500 0.295354306697845458984375 0.449904441833496093750000 -0.279432505369186401367188 0.355888366699218750000000 0.305536419153213500976562 -0.041315607726573944091797
-0.128154605627059936523438 0.155577465891838073730469 0.012258349917829036712646 0.181437671184539794921875 -0.155231133103370666503906 0.513787388801574707031250 0.199657887220382690429688 0.091286689043045043945312 0.193041861057281494140625
0.546040534973144531250000 -0.072481639683246612548828 -0.060513820499181747436523 0.504546880722045898437500 -0.090366102755069732666016 0.572530865669250488281250 0.215031445026397705078125 0.035416044294834136962891 -0.174237042665481567382812
-0.370111346244812011718750 0.024199558421969413757324 -0.428730010986328125000000 -0.166210874915122985839844 -0.083172246813774108886719 -0.406736969947814941406250 -0.156243667006492614746094 0.210179433226585388183594 -0.318435132503509521484375
0.200038269162178039550781 -0.678371012210845947265625 0.254845619201660156250000 -0.104965955018997192382812 -0.257417410612106323242188 0.027991926297545433044434 -0.040675014257431030273438 0.167292624711990356445312 -0.163928538560867309570312
0.202395051717758178710938 -0.000442564953118562698364 0.237007051706314086914062 0.004810153506696224212646 -0.065781004726886749267578 0.369115918874740600585938 0.142202705144882202148438 -0.319710820913314819335938 0.248300731182098388671875
-0.060584876686334609985352 -0.146191716194152832031250 -0.539404749870300292968750 0.235999122262001037597656 -0.345111906528472900390625 -0.388243377208709716796875 0.387524664402008056640625 0.182319998741149902343750 0.034254129976034164428711
-0.286194741725921630859375 -0.271421790122985839843750 -0.052632931619882583618164 -0.226314008235931396484375 0.127201616764068603515625 -0.136832877993583679199219 -0.307435214519500732421875 0.242527380585670471191406 0.441593468189239501953125
0.346229881048202514648438 0.268518030643463134765625 0.105738766491413116455078 -0.392373025417327880859375 0.381776362657546997070312 -0.005162188317626714706421 -0.118070803582668304443359 -0.252304822206497192382812 0.175274893641471862792969
0.407018303871154785156250 -0.261963844299316406250000 -0.316551417112350463867188 -0.297810018062591552734375 0.321805685758590698242188 -0.264110743999481201171875 -0.161072567105293273925781 -0.269121527671813964843750 -0.312254995107650756835938
-0.162632748484611511230469 0.188165009021759033203125 0.510879993438720703125000 -0.282815396785736083984375 0.204104214906692504882812 -0.205398172140121459960938 -0.361155748367309570312500 0.449509322643280029296875 -0.342443734407424926757812
0.152150660753250122070312 0.349160045385360717773438 0.279584109783172607421875 0.228032007813453674316406 0.089393556118011474609375 0.382946342229843139648438 0.219979658722877502441406 0.429157048463821411132812 -0.144722223281860351562500
0.054397612810134887695312 0.258449673652648925781250 0.388635516166687011718750 -0.267792016267776489257812 0.155578583478927612304688 0.444238454103469848632812 -0.134894877672195434570312 -0.244160607457160949707031 -0.195042088627815246582031
0.107883356511592864990234 0.364151984453201293945312 0.120731465518474578857422 0.563220143318176269531250 0.081869684159755706787109 0.135601639747619628906250 0.079574264585971832275391 -0.192025572061538696289062 -0.080604709684848785400391
-0.626117050647735595703125 -0.128517404198646545410156 0.268414974212646484375000 0.300671666860580444335938 -0.197186991572380065917969 0.381864041090011596679688 -0.000981095712631940841675 -0.329024046659469604492188 0.062148548662662506103516
0.493371069431304931640625 0.288823753595352172851562 0.407148838043212890625000 0.112360015511512756347656 0.059184227138757705688477 0.066591903567314147949219 -0.460334360599517822265625 0.210973277688026428222656 -0.460012525320053100585938
0.327754676342010498046875 0.138343676924705505371094 0.446030318737030029296875 0.372375994920730590820312 0.175815984606742858886719 0.024026349186897277832031 0.202616691589355468750000 -0.410256385803222656250000 -0.059601951390504837036133
0.189776062965393066406250 -0.008779575116932392120361 0.353103548288345336914062 -0.170184686779975891113281 0.019367242231965065002441 -0.688831865787506103515625 0.043969739228487014770508 -0.001776282791979610919952 -0.297940194606781005859375
0.004045059438794851303101 -0.270467072725296020507812 -0.196206241846084594726562 -0.551012217998504638671875 0.525861382484436035156250 0.300058484077453613281250 -0.208385214209556579589844 -0.067307606339454650878906 -0.041146676987409591674805
0.351440906524658203125000 0.195644006133079528808594 0.390269458293914794921875 -0.025604473426938056945801 -0.112148001790046691894531 0.204152122139930725097656 0.388161271810531616210938 0.153271645307540893554688 -0.246069371700286865234375
-0.034067813307046890258789 -0.311144530773162841796875 0.423919379711151123046875 -0.476796478033065795898438 -0.365611016750335693359375 -0.194903001189231872558594 0.348406493663787841796875 -0.309856593608856201171875 -0.288777291774749755859375
-0.441226601600646972656250 -0.354102015495300292968750 0.010731345042586326599121 -0.235940277576446533203125 -0.386880159378051757812500 0.325597435235977172851562 0.357149451971054077148438 -0.082501888275146484375000 0.213076248764991760253906
